-343.59235554870975
-337.79433226461697
-394.6882632427296
-337.7348836910387
-349.3878531944574
-370.36574060760177
-393.4222217305796
-350.48512621996633
-395.9742440439368
-351.62685674327076
-351.2855304295372
-325.35359249518297
-374.480355121319
-351.4549297000194
-361.31824853571015
-400.967446256298
-375.08265495423984
-310.7160043473923
-358.46086553653004
-364.4720912249686
-347.7943589124552
-350.87696158864856
-337.85676808588323
-376.6768318008253
-381.3836587757105
-373.53040297251573
-386.2066658269541
-370.003180772168
-397.1864591571866
-327.1164103636511
-361.2391042964373
-331.40476175655203
-347.4346047545332
-371.69126958078414
-390.3294826661586
-346.31578752200585
-388.05958620127785
-376.3783505321553
-356.4396075881814
-346.021861158064
-385.9228921841932
-395.6869955506336
-383.3243833665183
-342.2615928550731
-363.79269460509386
-349.35867417686677
-372.02795124159456
-406.4589523930117
-371.99553782120347
-381.43955007109616
-356.5935842249746
-353.00996658535587
-359.93921896701795
-374.1647848605353
-403.31128093212465
-359.3445627027977
-367.0849252922926
-334.2793969709237
-353.3730341629416
-396.9303594412049
-345.2023899631895
-362.80390652883216
-350.88825535473006
-386.3116992129362
-361.65145148927695
-398.37329368695646
-422.7488055140566
-356.2011383859717
-384.1339295239668
-354.1379214374756
-352.8905020746024
-372.67673567198653
-386.8696581267068
-356.2940991772557
-390.766204186446
-316.18551631032096
-346.05405103946396
-377.94127883652254
-370.43592964773416
-358.5161131069399
-332.2124041201605
-330.9972916424231
-350.6223570101647
-339.5914543391773
-370.7962440520132
-340.6850796556537
-336.97759989564656
-354.9633623078116
-353.4442695295729
-364.64879704748455
-376.0926187586447
-323.20246603140185
-377.83082203604135
-352.3587010672127
-295.43944326151177
-391.49511808341776
-334.17289452435944
-324.5023946154797
-392.7737140024401
-344.28292423630774
-343.1958745386655
-346.9337268751915
-354.6070671853595
-321.02138013196964
-361.0721472394798
-394.1495646390249
-396.0154651508783
-345.9553118931872
-344.53071095103223
-381.6870050400903
-383.7039322183191
-339.37570955610863
-383.4535788991416
-370.6381739803983
-381.9836077517393
-392.90226591277315
-364.0831562846579
-326.4916308344873
-386.4012371434146
-380.67668569208763
-362.00054742832435
-359.70264466061053
-400.8845290063691
-399.13264272646484
-327.6805447917868
-428.25210603933374
-305.4297846057452
-365.2187443650764
-349.45674230083387
-348.1384968829152
-368.6577296440955
-360.807624292167
-352.99585713995475
-392.0670815694175
-374.3988693565989
-317.32277429778696
-330.6507860904567
-350.6942878680784
-351.7453604741022
-354.78888895747514
-355.167642294291
-342.711706668204
-408.1535081370457
-358.799743413394
-330.1184396824174
-372.604375668976
-356.68009495939623
-358.1040051228556
-357.11362042618566
-356.56905289723363
-380.7111146665775
-344.81367229099124
-377.34801582327054
-403.88276945068355
-416.4894987068983
-428.0212563243622
-406.9179989020995
-345.93232822555
-357.26211849806714
-368.13612552067207
-374.9252671170325
-348.7948358415306
-359.03205879440065
-392.2536144033802
-396.2370100775879
-371.2083980671232
-351.83934508487437
-361.68828878353816
-353.8008566436547
-396.7621961949699
-367.06083740785107
-392.97185576725315
-406.1392079613579
-385.7819743451837
-333.0404580386821
-352.3210640359466
-354.6016117511026
-341.0686833701693
-387.4556960099799
-380.75653209190205
-380.3702589031309
-306.66104220126
-337.11097378942213
-445.35835408899584
-391.65785930657876
-351.1308074535118
-337.51168734886596
-355.47727912793925
-361.67525175679475
-373.47095026670286
-384.195650769223
-358.97785783813015
-347.1375673083967
-343.8443276696562
-349.5026868360437
-320.1993453812247
-343.9138564525638
-391.977687554172
-361.2474649126161
-398.4143608946615
-327.8666865918458
-359.30401666924445
-322.9392196855333
-367.922019956648
-406.6376806650878
-382.32058096338005
-377.8665821901086
-345.398066653368
-332.3475171685932
-385.69723923781567
-400.87422253175464
-335.8492823749257
-359.8112449018372
-319.35701472639994
-401.83956620420213
-331.6418251033756
-397.67130117999477
-320.1037406549294
-395.61996218541026
-377.2803497139903
-352.21337708040664
-385.36329526812915
-341.78185810639116
-362.8225542557557
-375.73956851424737
-350.0090334293345
-347.32914906091173
-353.83752561636356
-360.18830982464715
-328.9296450161928
-374.37290238826245
-356.63378567335894
-392.0904711585754
-335.9660519734243
-348.38482051815663
-423.85272929757775
-368.002249170233
-346.51552122785506
-355.7455133900221
-390.16984846984997
-377.2595065026908
-381.7679920003793
-367.0786616526093
-362.18459739597165
-365.9190170507936
-384.54358078275254
-366.12834677159117
-368.76369273478485
-321.6124362980663
-349.1694267912608
-379.7830795511618
-389.7971077376351
-363.11749275760667
-370.092481500702
-354.2248863581117
-371.71124797798257
-382.45516648786725
-332.3968919466497
-323.7595180270655
-377.27989013247134
-344.4644586497816
-390.8504705879459
-327.3461879044444
-354.53869446981116
-369.6380966758952
-418.71825848687877
-359.9243173143841
-364.54711199690064
-334.84947216229193
-371.84170190266013
-368.1747991630764
-421.8915366344372
-358.15587142641016
-371.1983017417515
-394.82731037747
-322.8587376577161
-373.45403186327167
-350.72511240837775
-373.4744934417831
-428.4662861628749
-387.07701911284676
-365.60217437410756
-363.4739718616911
-348.30379079642444
-343.1377063179607
-343.92566614304815
-353.86120388002746
-345.2345725898922
-354.8345361689717
-393.03965394386614
-303.18453645004774
-327.8720355620935
-358.67420721981034
-402.6352495939136
-402.1941735276632
-375.6006305774863
-346.69207704283326
-369.6464833192076
-323.79377212425607
-351.14655090132874
-341.732261011035
-401.5478454135082
-374.4423745789027
-372.7444222968188
-410.0203247585305
-344.0777623384056
-302.688582774892
-382.1822230846592
-332.3296281058065
-386.24493488454027
-384.5417669178423
-319.5059267634606
-323.0543745023242
-377.6613016685151
-352.38608191005915
-312.0369907491731
-334.9637954932623
-377.95710546764894
-337.7595305291179
-336.4276365552505
-354.3741351309436
-355.14956201447785
-373.2333642923695
-356.60061791444605
-441.81146231867024
-329.5414958923757
-363.5864111424453
-329.9330471394169
-342.8306876434872
-403.7518711855373
-392.0788890898111
-335.05503615645284
-370.4418276737488
-344.07278564599983
-371.8991977991609
-323.8268645181306
-339.93404464518244
-351.60018469159695
-393.3404181330843
-349.44896033122495
-415.8268097546825
-401.16325326557853
-325.41877367721827
-372.27646196461865
-325.7268063910087
-364.31686530179286
-356.14340885390266
-325.8278862489533
-374.1707981405707
-367.2889991370539
-360.189608362889
-360.58271538448025
-384.66169533164066
-319.26972893893253
-383.7585430945255
-399.9023957765821
-339.9516504735293
-326.1618799468997
-347.77926423665485
-332.0256105473236
-304.2609714870341
-388.611538461897
-374.97060701076407
-354.01633661065716
-355.31836518452474
-362.58303441193857
-400.62236951632076
-389.44776278428617
-345.18929538190423
-372.4831651325512
-445.52665174618596
-390.3636597862278
-351.09843578869186
-377.29525037575513
-348.37047235709906
-342.0894781323077
-376.88857047205966
-332.72134378319606
-362.43139841529774
-326.5429249996196
-343.4241402582629
-320.9237232562882
-364.70744491519145
-379.91282610819326
-379.68990294677496
-349.4690393961573
-318.7337224155817
-400.60332724526234
-407.2369266972819
-336.54977483296534
-372.8422377795723
-361.8408351169055
-366.035709720476
-348.2653663431993
-344.7505836583441
-329.60824097590375
-360.0324392043476
-311.77193438000904
-375.78842190383875
-351.4096260834631
-382.04193469883467
-343.124091427002
-393.19377333673765
-393.42446526700223
-332.50572177803406
-377.47483939856465
-373.89507669374143
-393.57529069273005
-361.23814051303634
-360.87233449015184
-369.5733264744267
-380.8967673254301
-412.3911305171205
-367.10669829421386
-334.34918003876373
-393.320743659453
-341.176036759156
-353.53156050458347
-344.9077380477538
-358.12940257228183
-363.67982460319763
-407.90695413760113
-389.8851995611549
-349.7683841304679
-360.7533440210318
-342.99030292600946
-320.1895126186828
-421.11592623242177
-366.5828846610748
-385.6829859103964
-383.43993727829366
-314.72285650889535
-363.2662055982655
-351.3857135158323
-365.7446230099813
-364.30476386327064
-391.00843884384085
-379.61320604787034
-331.5252372011455
-371.1442677310479
-346.3190912321588
-406.535429652351
-353.4985099412079
-338.9159689572916
-402.379753402347
-375.8873072954884
-355.768165966816
-366.55176281429885
-337.19089227257064
-339.03655836606777
-359.78905822299566
-339.54147559015837
-328.4724720893064
-367.20643551782996
-361.9105152789489
-401.1876731460288
-355.9740348935011
-413.5814288352194
-349.7137154521479
-352.9027017776025
-330.8771641783824
-374.15595591489546
-400.326965079621
-377.08718935924844
-325.4862160470693
-413.4183044636229
-401.75504439125507
-307.96104731603555
-363.2494561388812
-360.9443910413538
-391.3775146180342
-349.40691783054353
-297.2229640460864
-345.32369552291493
-371.4043628990112
-410.7779007935824
-404.43383964625536
-450.15568698045536
-363.2030334106821
-339.078908076699
-389.8671021068003
-379.77689645433566
-406.904715771685
-401.90336046736047
-359.93799781421694
-380.64259154716274
-386.5189981141448
-314.29491168770255
-349.4060682359341
-378.41773789480794
-368.93955936382554
-383.1749293506218
-350.58998428865743
-396.3545183659371
-379.2811303223207
-421.83850057095697
-453.8577643002209
-343.7092242963772
-385.7231050798873
-319.21514130344804
-427.29316886123706
-326.0008350795979
-304.50066171432627
-365.53833690390456
-334.50320429068233
-337.39712779434194
-415.0523589258373
-345.07480902005045
-341.4591693391485
-377.12908767702174
-331.33601829069084
-363.0649514288525
-327.87309849005396
-360.5758099904342
-329.3772419192028
-349.01009507630806
-349.3871903301624
-341.8334797467178
-385.1416132746672
-374.5357411102814
-382.5815180964564
-373.46703605827497
-411.7676265408081
-387.27418461602065
-340.890521046138
-349.1522736583938
-388.17126853795344
-375.008313568891
-398.87930660443817
-353.3367324572391
-362.92788690480666
-332.77226882302784
-363.871157135618
-350.3380750618526
-328.8750886629532
-360.3373510887541
-326.23316865374
-435.94968400032667
-379.94677771657007
-379.32597724739753
-375.145841509795
-343.4663225356344
-376.5737113768773
-356.4300791332207
-367.73897724039125
-376.81234117275744
-367.8522153366139
-370.9602186679185
-347.8466927125555
-389.97170185574214
-325.9377907696544
-357.26086118128296
-348.9466557673077
-350.61134760488494
-358.55408692598576
-383.1554742815715
-369.63958332578477
-415.84145548666856
-400.40944731017953
-353.37195270384836
-367.15199607192335
-305.4369754055224
-325.55286090188747
-328.7979152876178
-377.0030913491137
-341.50501455095946
-385.68129035591846
-341.6538315199141
-347.28238383128337
-338.7456249461611
-347.7982992887555
-320.4993512529727
-330.6483158647643
-392.4933654284905
-326.07919861279515
-370.54486883564823
-406.1640520685396
-379.51829848803754
-352.30655265545647
-325.6085004730994
-344.67613961871393
-358.3809854594365
-370.88391433056677
-327.9242815535763
-359.60259994582157
-367.0495998796323
-320.0757084379329
-374.1927370934354
-387.1333648955988
-333.60862809036917
-387.60802640405745
-374.7555176822061
-369.4639790016445
-362.33986423104943
-370.9626877242772
-329.5629388160087
-393.99166724422685
-401.6645649770435
-331.5572342774103
-324.43995464218824
-354.30644315636164
-383.3962876870646
-368.9098574113377
-343.6875861499793
-324.25330661529006
-362.0077528492038
-357.79961926454416
-326.0758667598566
-344.0644774994289
-364.907754170119
-341.289705487623
-362.19884215216007
-386.57632345608
-334.49842330650426
-355.0612988653156
-375.9109957284818
-340.00432199843635
-369.9928105316212
-402.3031676657629
-387.5937876718599
-371.6912203245156
-344.6406110366588
-367.99112123667146
-361.06740731118043
-361.58825716932915
-409.6588385049399
-351.889891826635
-375.0973182161033
-366.405139070288
-364.7503483439068
-376.1805523957155
-342.352237178864
-415.91404723736923
-317.2475384906429
-370.3925149530478
-346.33080652018543
-361.76447814176936
-322.50242793752477
-366.68330454223906
-374.8392651758986
-364.8589679329525
-359.3767659256191
-381.15761360740726
-420.7419486958024
-355.5722153338502
-311.3409118453965
-336.0224176569609
-403.3652799630436
-383.8193115167087
-348.24636145586555
-379.402739912126
-379.76044469761837
-328.7693236708801
-364.4343121826387
-365.09261522056477
-332.87431695983105
-417.49515518975386
-337.26581064904894
-346.1500566684699
-341.7127379092781
-325.85804718416694
-315.3779167432767
-394.3851593515792
-419.3635615507301
-378.66263717589027
-364.6764101691442
-363.4270576941708
-353.34595347297727
-357.6019476316069
-359.21176410054613
-390.755860667814
-337.8689353239897
-359.90537842615595
-412.26871180594026
-384.19924261363485
-332.9537777252408
-397.1266800129815
-338.57389174720447
-394.5895498983664
-335.96706449217163
-344.3036931865936
-361.7595832911902
-339.53660938423855
-368.25239212263114
-386.06597469393455
-364.33423428979586
-321.16534242985654
-345.6321779943173
-322.4342636329966
-319.60529227301595
-361.13761519752734
-350.5526131294828
-416.0728318679612
-364.3026588334833
-356.65007556313503
-356.8472741087244
-355.7773006979842
-313.66253038164723
-359.1999477376303
-353.295697318812
-347.9498029145252
-364.5413655590819
-364.0003015602488
-354.0700776621088
-324.1238562596627
-389.7548096135288
-352.8859619221621
-351.35103325579985
-329.757756875606
-397.03696497012425
-376.48396648729977
-323.65687675389927
-394.501779870101
-360.72763745720295
-391.36445357106277
-363.2220969121772
-340.03429779215367
-405.1665588407268
-366.661613348886
-367.5064150772887
-378.8823819754616
-338.50551524224284
-358.8714184722339
-372.4944498413097
-372.7892815328232
-359.05667945464666
-353.10613663129334
-388.46253425861505
-383.7847898233522
-365.5358063438107
-362.4967685725496
-339.95809217514034
-361.73049145906407
-302.446635303706
-371.4189470167985
-334.96332088563213
-361.66987363517546
-378.0743129116745
-362.9287527600245
-374.017229281475
-372.92060240457795
-354.3835850697724
-370.57464374028496
-388.1636639829085
-345.45651397295296
-380.97728434544115
-380.2300106924595
-375.8555992474212
-358.4103257503084
-338.7926947129963
-335.9644181711119
-373.2683099503047
-383.74946593756613
-355.3595632792858
-385.5827008534179
-364.5288922149193
-403.6189489413737
-352.19202960539405
-365.90374665996933
-350.0769385389649
-303.1712926197579
-345.3912788046073
-347.773287502896
-423.44912582464895
-346.765048587411
-388.6371077867225
-323.9642605937588
-414.6197935771561
-348.0496101464523
-371.17688927102427
-386.05610242339026
-363.8545798271516
-333.98591869248776
-324.65625861888475
-302.9489085132591
-378.45046595028543
-330.24385577535213
-368.2730145278547
-335.3640750534905
-388.5845688162808
-356.42806540216407
-346.2710077797383
-357.1127643850559
-404.04343422860256
-410.7706494824961
-365.6785318331822
-354.7167632703349
-339.5203242827847
-338.2216396002477
-357.87099124512315
-330.779904161951
-344.97327068856976
-348.41262831121276
-399.0672332968825
-352.38347070928285
-348.49447436531045
-337.7717654751541
-424.50372509307635
-374.9859194337041
-364.9952904074962
-404.2404396207785
-354.2251655224827
-361.4399077266644
-334.597842421048
-324.001675532174
-359.9486170526943
-365.10553582372813
-327.8929285444792
-389.2318598514612
-310.7273994945208
-344.21993133397336
-365.46848882108316
-382.52297614391136
-412.5326000281857
-384.9128291989109
-367.2708894243842
-375.9540588260934
-338.22877380899445
-376.51258078656247
-368.17765695065464
-325.9389166145156
-343.223012587674
-389.8301802001006
-345.2156931985737
-343.0804823285798
-359.68828132544877
-378.1958387328923
-366.4259188078213
-376.02997825299826
-368.8207502534133
-379.51256024813483
-342.08447726884333
-309.4551900598781
-387.25970675758435
-348.6605044780954
-374.19901559027494
-365.05298561991367
-368.19310383429547
-348.40570701301476
-354.6891362768438
-401.90131894219667
-407.76899052593944
-359.213193931304
-380.5397797667756
-413.37184189828986
-382.38856621556624
-387.684385710505
-364.55948833296134
-367.4140187852536
-354.1532203988463
-363.7752732614608
-367.03216568198695
-332.95576028221694
-375.3405731460807
-344.61723915646144
-389.9519827115146
-389.79597334734717
-379.86771145439707
-361.5760437167701
-402.02072719957505
-369.7427792098533
-387.17870207104716
-327.57400198281175
-399.2557188756691
-326.4406283275712
-359.31064956983755
-350.9475757825421
-358.0053044588567
-398.1965692283484
-322.4908703415713
-369.2700468183757
-331.5995630570251
-343.2273767415463
-346.6694324425989
-367.505776482496
-310.4750066402448
-366.3967801568506
-427.18087711939006
-341.65862289397046
-331.70810352107947
-343.11872659144865
-364.4933650907624
-369.3384803320878
-378.89223904649407
-385.0041431517602
-359.54417580248264
-340.0366715915952
-439.2460669379143
-389.4780736110188
-394.14817625003343
-337.0812077475348
-327.3057828727033
-331.04751187534566
-352.23834893845196
-401.6962703643585
-362.806219262151
-346.947885518508
-385.612459802629
-367.32336615513486
-339.9310499214698
-411.24372054446576
-357.2704919465832
-379.5894460352865
-374.85280872868316
-347.58666437104694
-328.1020418713633
-385.96007977359113
-372.0637904230316
-357.4551703303514
-311.5110390446316
-415.182895782149
-366.96463219218276
-425.27882100646093
-360.368309879319
-393.05436172864574
-365.78232883098826
-354.6445213845873
-369.2782198316345
-338.0637468373898
-355.6017222906885
-387.14826328944764
-418.0168447749311
-368.13753555896983
-375.29687267430563
-395.04940662920126
-372.22045159800473
-401.89060792230885
-376.70408374744875
-376.84797058295226
-365.7965226407978
-374.2383466482279
-345.759608622051
-381.34735779464245
-384.2786127750369
-363.5002867439034
-320.0109848363245
-330.5735043503628
-401.5176101321413
-369.6772382794661
-385.1797885380656
-305.44047830186173
-365.7965393686245
-384.90112088350725
-375.92027127453184
-434.1028464718984
-373.8292623221132
-344.481323158092
-432.968726662868
-326.0965311070686
-316.8446273057889
-344.957211337045
-373.48216158605646
-350.6700228825066
-342.97342663171
-362.59592637818423
-375.38598889478453
-385.89430121048645
-365.38222532191867
-348.36901295270945
-370.1902302301096
-418.33689363835583
-372.43545604848623
-349.9229551006356
-371.6058071077132
-366.9943123360208
-372.9519532991035
-375.1933939430455
-384.8995265648409
-385.19565779903496
-335.9934892669189
-393.55361972900573
-357.9844015455674
-350.000439395757
-377.1062282902494
-323.4368985760884
-411.4098781504799
-310.89504981978826
-354.3656211681737
-407.29518140712753
-365.9363051208711
-396.88849773287075
-355.43238475663384
-317.1391296225738
-325.1082480039295
-366.0789079623428
-356.62401013058843
-389.21408138464176
-343.50162246347463
-362.5219106424338
-335.34431498627237
-350.37857894400076
-364.2169520704483
-393.96399512386415
-395.5896630625939
-350.3022675714019
-352.1389606761004
-366.64206439027475
-372.2356814139275
-324.4562740440233
-379.7442689858144
