-3433.7490044004116
-3715.6317432656797
-3617.4734831590613
-3413.1124997019288
-3591.2007636711023
-4054.412672656945
-3978.7171252565604
-4277.876593170877
-3145.403752301205
-3636.1850116525966
-3800.5500462649143
-3388.314584111238
-3635.9115699724716
-3786.9834489919886
-3948.911832502359
-3496.0543146915916
-3444.5767075287695
-3045.1554804642183
-3593.144630702951
-3976.821663024639
-3527.5851954817954
-3624.636342728678
-3741.114441839505
-3342.362266202017
-3673.6753174217374
-3122.558952103751
-3959.5146547140175
-3743.4125523308903
-3930.301133500492
-3264.69393468176
-3712.197177911534
-3546.388292404332
-3739.9456895775293
-3719.466116163887
-3598.0307401642385
-3326.5808108618367
-3766.700253375049
-3832.985492453554
-3329.5122515739604
-3364.7015532730147
-3993.8904104093453
-3439.277738858211
-3201.3743849532984
-3650.089335803459
-3572.416420802332
-3554.127449644937
-3473.564771676258
-3685.748296301019
-3616.1620126605267
-3699.2853468306785
-3854.5363500146486
-3426.802675081137
-3411.7926441950112
-3375.367886700151
-4248.871578448212
-3218.920983788965
-3461.821175447607
-3739.7330171457143
-3040.6231805536663
-3850.1368397913247
-3827.069834863789
-3564.4920455076644
-3724.8019809646576
-3341.633518067454
-3697.703682937172
-3253.983673875966
-3757.2538072814714
-3437.128471770935
-3509.3348481411304
-3937.799503707429
-3426.224574854834
-3503.3649977197274
-3506.038112794329
-3626.08950712383
-4228.357505624168
-3293.701186026261
-3937.2929942256596
-3369.490962416963
-3694.360294805818
-3311.312229609892
-3766.900172010319
-3755.4937688467835
-3779.0551372654954
-3230.8657297236423
-4266.567822576224
-3718.370984620771
-3509.5173087130424
-3291.444142594948
-3833.038117810247
-3323.292335600363
-3546.870105748556
-4171.294275305314
-4034.7787106398027
-3852.089973275528
-3446.465013899655
-3494.956109762872
-3663.0363315498325
-3494.8052570347427
-3682.429057045156
-3663.9864967453614
-3517.670413927419
-3496.2330489294472
-3727.30075667653
-3772.3568461468312
-3381.780782504633
-3534.9586039562346
-3147.417780570544
-3042.143121998677
-3508.8976550488514
-3543.267047108493
-3664.770971310747
-3812.6208589138405
-3852.747009723156
-3272.2270482796157
-3804.8393147335446
-3608.370751046423
-3591.260977594262
-3292.864747446518
-3654.999464318811
-3579.9607082257353
-4501.243690180578
-3503.874011950258
-3307.6638356379917
-3825.717656809531
-3650.835976326918
-3745.8054108491706
-3727.0782657071613
-3258.6738692785693
-3602.201681434264
-3248.628133465725
-3935.8220565712254
-3713.1482360004375
-3630.997076504911
-3697.6949284985094
-3772.211529871638
-3760.555253775521
-3607.604391956018
-3931.6386650157147
-3463.3751623498756
-3373.006355734531
-4179.625227161581
-3416.415414952364
-3561.7292874841405
-3595.991387061422
-3552.7764159450526
-3850.543335879469
-4256.582755743286
-3985.848543098691
-3645.68316322186
-4149.50104708819
-3510.389826822029
-3167.736994328043
-3580.606856469509
-3452.9751336277004
-3463.237162962563
-3377.5532869741983
-3524.1719574545496
-3628.7725479189103
-3242.840154114241
-3757.6751999897097
-3553.8612613111327
-3731.4443405996863
-3806.2392502036964
-3494.0687998626127
-3879.6580001173206
-3935.243414771139
-3536.738881778172
-3851.479690731925
-3911.7621222905727
-3962.8903369819163
-3888.5616870602607
-3758.7108357170655
-3444.4643904258555
-3527.771756506234
-3364.6378371227584
-3590.404462715407
-3736.5809273901905
-3558.642765613731
-3749.7475449284684
-3806.6657231671634
-3427.9977932292277
-3273.905153195734
-3591.2936662014326
-3388.2853461431005
-3679.64869268061
-4029.4925714063065
-3174.1512437897472
-3504.662301276363
-3157.2399024107544
-3481.2011680299183
-3488.7960876300676
-3391.6259203719455
-4040.7778802873436
-3527.046043523882
-3725.2625919856873
-3641.2489337838924
-3746.0101593630607
-3875.0061970544775
-3431.1499394921557
-3663.2005613090514
-3731.6354275037593
-3564.3348018167744
-3622.6330643898145
-3529.4979897920675
-3628.8518919264206
-3775.676742130083
-3652.127737289862
-3694.2430273355494
-3768.8646655227058
-4243.565846354439
-3765.766449639639
-3636.1012144237648
-3853.566944486891
-4088.107944070558
-3906.663611416021
-3348.3413971489426
-3952.104633222458
-3780.042373980592
-3399.250290319309
-3996.314496942621
-3115.6792485408732
-3611.0309094840086
-3315.846598523731
-3610.778225224647
-4321.231261869441
-3751.833105424441
-3483.2748744878954
-3257.267269968448
-3907.112626493523
-3593.773051167358
-3424.2808153725528
-3832.899400004717
-3654.745762690349
-3765.617835310455
-3798.9966230927967
-3442.3325765841582
-3403.1953060127526
-4088.1456142581374
-4149.818661678197
-3677.037759258681
-3605.0188692937772
-3228.7572633515774
-3771.432730960347
-3361.5400703722007
-3860.1638168463833
-3675.0237993598275
-3558.0764654860977
-3642.2680330368676
-3624.9350576262987
-3565.557162492558
-3613.841651352217
-3522.0029980215077
-3598.1252838026703
-3218.9998279996653
-4083.990092518223
-3911.0080073962818
-4094.6290266182114
-4137.600787577314
-3705.5504544433134
-3323.845723299979
-4509.597012866259
-3343.0348876626413
-3494.6193889208153
-3514.2487681097737
-3510.038619020681
-3691.151939838979
-3878.970666046116
-3599.6059722743266
-3493.446482772917
-2895.824814525913
-3580.640764326243
-3842.608204346332
-3534.8594681575123
-3319.142683234484
-4002.915281401518
-3399.7116624279915
-3217.976986899168
-3601.0956952596243
-3610.706178250086
-3632.7424869962233
-3828.8640011603347
-3696.805213080668
-3460.2746897498364
-3495.128300917444
-3400.3727076156356
-3792.959522693229
-3005.176342533956
-3811.6630008466236
-3208.0392376562195
-3498.893404268274
-3670.5045006696237
-3369.751718795018
-3941.1548284665405
-3586.7185434270577
-3141.260530919957
-3822.163300518034
-3366.910915833676
-3682.029969021205
-4128.998065359003
-3862.529792443609
-3996.6542333941616
-3858.6916404967633
-3889.078695497279
-3981.5501123460053
-3915.9420809319126
-3458.7785500127866
-3763.2577297801545
-3896.772416355634
-3963.080457082593
-3373.3481929435766
-4032.6044067043986
-3504.0486034607966
-3260.5238821855382
-3892.2331727426135
-3383.813781200155
-3739.9867536633683
-3186.9845673438285
-3788.7041255346558
-3904.93201735842
-3595.7646739100455
-3708.96081149159
-3611.386699836574
-4007.015472307823
-3752.6530349435416
-3358.1842070990497
-3483.4030492437414
-3228.4062558573314
-3682.451373729884
-3495.1740027044398
-3482.437751997284
-3378.4542817824367
-3465.618603800107
-3919.544339858847
-3341.2351649413395
-3565.0783259138625
-3421.48362324377
-3723.7982736080885
-3841.0325882872494
-4009.6281483698112
-3394.324231639537
-3607.3902853673535
-3322.146812141582
-3990.1063377360333
-3589.7077087957587
-3251.596271552193
-3721.309980222817
-3320.726998551985
-3659.1154617132197
-4016.9239545050295
-4431.900642213499
-3606.340387412467
-3439.191832794055
-3267.836667205178
-3555.752735582111
-3855.358003037305
-3477.4514959267362
-3824.243588548321
-3683.047492397287
-3611.8939711750136
-3625.4144396065058
-3721.3211121029744
-3449.4172426929326
-4110.282151239611
-3507.652532537595
-3626.918531902418
-3519.520783372318
-3650.829175458741
-3627.0264043315037
-3737.951156450843
-3652.578371825388
-3646.044286742268
-3709.809894693193
-3395.627588989828
-3965.2749750010553
-3238.9089306821006
-3538.6463021606323
-3823.5024246864195
-3179.323584930633
-3512.4039591377878
-4042.4216324460795
-3594.1767488761834
-3864.693213408922
-3968.7579659793482
-3702.0677113374986
-3772.612963924621
-3526.313854805161
-3368.027391265874
-4231.142752455846
-3612.7756736576157
-4058.4206992043037
-3450.416562310722
-3746.403085435464
-3395.0025313430197
-3640.2020518674544
-3721.8448360226757
-3283.49695714697
-3880.1440490709647
-3097.296649917218
-3334.2524117908943
-3660.6126388186385
-3343.214194445307
-3399.2518538450386
-3408.607841795114
-3262.1700538383775
-3568.7010892035723
-3553.4839597276114
-3668.0056717465777
-3568.709263534496
-3611.0846047033447
-3912.806598003699
-3910.273467204912
-3175.203133959807
-3470.1964784534102
-3611.171706750636
-3640.0888376831135
-4199.5783142329965
-3809.0530339535835
-3516.8616828921076
-3483.5570477297806
-3952.8225734294538
-4372.675971616496
-3956.3624557522344
-3669.2728131743715
-3550.264070543799
-3717.6582424775843
-4031.177026483092
-3310.9435995799104
-3891.917332469784
-3424.931202506119
-4720.369941051496
-3708.657469977421
-3665.060264711028
-3707.5510552244887
-3423.9426542991096
-3289.1625585641377
-3063.8869671793072
-4001.06790534866
-3565.314623393213
-3572.492853480824
-3711.659833355974
-3836.0537595661444
-3999.0919070035015
-3586.3997505163716
-3718.248621955834
-3099.5573232500064
-3440.2742964201498
-3341.696739272782
-3405.6864008158773
-3849.4776709616126
-3765.9321293166213
-3669.007738574801
-3341.3326506601697
-3839.879046371563
-3658.0610962425562
-3843.857675733838
-3233.7416298166827
-3710.361078697788
-3752.1573921835297
-3374.824927361449
-3398.4843463982797
-3256.108305106438
-3875.0204534106233
-3577.403307516146
-3303.9548088997035
-3363.567222651687
-3097.232425617094
-3411.11994393466
-3594.8143459709245
-3255.4262853544315
-3871.1881958053054
-3482.1671184911356
-3779.654588506637
-3480.4576978243276
-3748.088708520125
-3615.155170352813
-3718.591704412742
-3559.3649657045316
-3896.6104429344996
-3667.277852282634
-3660.599472823138
-3567.2233055114484
-3572.1989322358095
-3683.4104074522475
-3406.2033704643545
-3535.611877914318
-3986.311002536888
-3317.611251178816
-3861.8416338401585
-3299.6162777706595
-3626.1440673739526
-3745.076092716292
-3338.634946575112
-3435.167014021419
-3450.6339443449942
-3493.006157820866
-3541.10166356403
-3667.7102943789723
-3330.456362243949
-3677.188395355639
-3620.6058168933123
-3326.4056737395113
-3627.7174757550893
-3418.6592024712772
-3410.5505183475216
-4004.4593467575905
-4043.8155104618854
-3840.0802283334197
-3855.361967577075
-3561.6802892038613
-3451.5313842912437
-4067.6935548782203
-3953.9801718144663
-3288.3697018559105
-3285.8730641847687
-3727.5058966123834
-3603.6821029344683
-3967.4094959795766
-3443.5691788284057
-3245.808887723535
-3495.0449858220745
-3520.8815164416847
-3343.5668598902266
-3199.563912050955
-3372.8352407889797
-3778.3709240347816
-4020.2934614002297
-3541.235708734206
-3878.599562496245
-4110.3227129721345
-3750.2635714556964
-3554.4360742347235
-3524.50549625613
-3657.4636544798777
-4326.71681744785
-3648.6063201320794
-4036.7112310134908
-3488.425914501746
-3893.8722094752447
-3475.9529861365554
-4086.003981581438
-3729.3161584787304
-3517.20606850068
-3950.5070436830138
-3716.8098786280825
-3513.1082059106484
-3415.7610764992714
-4335.540839339497
-3753.093417497068
-3148.5155441987918
-4095.4570661928446
-3540.577156156025
-3286.786268212247
-3485.3231740363553
-3446.2310997145796
-4324.473548857961
-3486.078807220729
-3327.50217831977
-3998.9290309744174
-3597.943490040303
-4045.5524735008876
-3167.7059685606364
-3612.0575490700903
-3675.1336837345953
-3903.40889404482
-3613.024980320075
-3887.6893470341383
-3565.6154643716545
-4145.036874948819
-3381.600433396976
-3436.21805152066
-3412.1304444444904
-4041.2795881357815
-3563.458684018984
-3492.7810404901647
-3558.6776651114124
-3744.9266773019554
-3721.6105408579315
-4366.501518941557
-3596.086405503207
-3519.916980627626
-3454.9353761893144
-3721.3280881912506
-3413.366731992006
-3660.1513550569725
-3809.8062321162797
-4116.8189287482965
-2925.08680119977
-3706.368105732792
-3582.62179921228
-3385.523904611935
-3146.5598676210648
-3672.856616549114
-3674.3831144683427
-3365.250741342348
-3503.051041955576
-3822.8964728800274
-3560.8830058948806
-3144.3873809899633
-3579.4870709302595
-3873.4282841223976
-3434.5820704689067
-3687.204406331781
-3479.6193853432633
-3657.131517082751
-3572.554455411766
-3864.741013259918
-3352.076642521366
-3544.3255508619295
-3316.6137224065897
-3844.2808371144347
-3742.074718551521
-3322.42567337961
-3640.6134423557305
-3488.29378923649
-3672.936605091505
-3757.4523063435336
-3674.666367788195
-4199.55915317576
-3579.712744236491
-3605.0084124861605
-3263.4796055225306
-3861.764435530218
-2966.815939827764
-3351.7415773079665
-3455.210918571389
-3671.535517932796
-3701.3219768554627
-3775.356473083768
-3557.75809495823
-3336.061902205387
-4456.711897051056
-3495.659733412307
-3551.374620228962
-3556.9387524392223
-3570.208865975401
-3527.0164563733306
-3425.525735850548
-3892.4585441524614
-3693.6341114200186
-4109.8626687974975
-3692.1681184346744
-3401.7497364325864
-3885.0943654328003
-3342.547321094764
-3369.8467437971703
-3557.1255527587273
-3687.5633358906052
-3377.9178642303923
-3828.6262333513296
-3978.2424974713285
-3584.744011904564
-3193.5462776470195
-3165.8713435533064
-3611.5736325312137
-4032.20000875854
-3457.2925782359416
-3564.069769539721
-3632.7099024473937
-3762.6950445322873
-3517.838647057295
-3744.8461119964704
-3431.5888261078
-3525.3694871086227
-3715.7513902039573
-3657.860802705567
-3370.7710014984514
-3549.593317370978
-3323.417873970462
-3302.72651768379
-3416.3520268980355
-3457.2842846032036
-4010.2571451070617
-4009.1210213790764
-3341.7746465240743
-3481.440202698923
-3827.7321928720266
-3421.598116679208
-3424.5657573380995
-3829.6024977119596
-4238.738233886928
-3367.166614742033
-3520.924295761073
-4024.801364951498
-3419.9595369055387
-3202.8198386800796
-3896.092418032451
-3509.589850751825
-3559.4273626301256
-3769.9789723545837
-3969.2307461917153
-3836.279666269438
-3825.833348055363
-3927.9128384388387
-3480.078400950104
-3561.752490781142
-3506.324981887734
-3274.067719208124
-3259.6720187946958
-3886.732621919451
-3461.421128683978
-4216.230041487972
-3677.605529403212
-4034.4465031419895
-3994.6122757923367
-3666.4517999052623
-3664.6450312236193
-3540.369907942568
-3338.826823142281
-3485.222981073486
-3457.4791888286672
-3375.55358112292
-4090.758958852377
-3582.408185260352
-3751.3034559211446
-3992.575704840616
-3428.512988566028
-3907.5832891484315
-3533.3596700316266
-3613.99015320151
-3661.7652485850194
-3658.3662999885564
-4059.739053396639
-3603.0039404335876
-3570.1063820676645
-3634.943237894964
-3703.676649238616
-3653.677134509846
-3387.2746779198824
-3539.08954619012
-3578.339271128454
-3896.0625730527463
-3553.188589464451
-3525.706450275702
-3761.1487460604185
-3549.667084816934
-3529.227675261376
-3662.0266077505876
-3624.1433130751757
-3850.1052105845083
-3455.955338003103
-3094.7640507043325
-3891.774195731872
-3751.7872783272396
-3565.5417948294526
-3461.157629436915
-3645.153714694352
-3518.8171585159507
-3973.730912297695
-3566.3199075471384
-3685.048427284477
-3848.7177961512207
-3933.85115337521
-3566.1748425639416
-3374.227567756625
-3596.0906244889848
-3923.5330533652304
-3663.362442011312
-3576.662915182689
-4054.6699612844313
-3248.9397727100477
-3259.5004851164595
-3189.8150303338443
-3582.901922718549
-3202.8807302721107
-3858.889680604567
-3433.616957983111
-3834.444601675772
-4026.3622817204086
-3524.7492222444016
-3224.4994514373757
-4053.6482343632015
-3425.7217003306505
-3602.624246441639
-3513.1362888486074
-3470.67406191376
-3466.230949508281
-3660.0580177625743
-3683.548087823452
-4236.031328357618
-3413.7376634844404
-3870.5880900504053
-3849.867080097836
-4188.126515168944
-3737.6847896779873
-3391.0274346241276
-3698.4508383598222
-3563.228872534786
-3789.4041723203263
-3581.217306946506
-3587.0862741310157
-3903.496543241323
-4235.004130123554
-3644.3544300392678
-3675.7141070485086
-3954.4930322207147
-3655.641861515258
-3464.5043700137794
-3914.7180294183345
-3532.512789867542
-3543.4381270947306
-3342.614341511384
-2895.0320775839427
-3471.912697540978
-3811.795978703405
-4009.3578815306246
-3360.453886770345
-4230.112717362863
-3812.5695947855857
-3453.3085847071416
-3668.9874605859877
-3459.3887635036044
-3259.5740114629443
-4102.600697881353
-3355.850086024275
-3660.9899666448473
-3700.4361117059525
-3641.5886156894194
-3261.6296334264116
-3631.6111487715934
-3909.482050024344
-3780.8430630783696
-3565.6773657125414
-3586.589025861842
-3562.315184293293
-3652.20350921058
-3688.293070785352
-3386.719800325842
-3704.8322180138566
-3714.865571867711
-3585.2332037788037
-3838.5880274992232
-3530.2353072830992
-3810.1604551449054
-3707.718661317478
-3822.97919571479
-3724.52537625852
-3522.6303455479137
-3469.084019511927
-3250.951602717352
-3541.0721950236
-4122.946683091526
-3907.2189653264577
-3424.4793458881613
-3522.0641604141492
-3467.7265985684026
-3221.3722328780605
-3794.0334591056453
-4247.498381604011
-3785.043890738045
-3803.4587364757317
-3368.7390516112573
-3213.9998007323156
-3481.4881510903615
-3372.4016033526714
-3747.6400892675883
-4184.3848297040095
-3883.721128906298
-3659.457735868127
-4017.5489066033188
-3370.3834078980035
-3417.802899086986
-3642.229098593023
-3452.5758378732316
-3312.4186402260057
-3707.0619521063345
-3757.5629437611715
-3695.881869376659
-3696.231699353666
-3592.9774941815995
-3413.5617043327766
-3569.5444404140726
-3573.574947533518
-3623.4631020637717
-3535.8352437571484
-3462.6963827286454
-3741.7323119010834
-3475.5783117582178
-3573.184304838069
-3904.055571044497
-3179.3126878979565
-3695.966289081276
-3745.946129646967
-3841.2836236333824
-4212.657487697172
-3249.048803557911
-3736.887785833598
-4030.243306782191
-3292.4681302806566
-3607.066564291832
-4128.939893376235
-3717.199512664447
-3942.087784256124
-3218.158623694959
-4082.5923629169774
-3542.0975693269793
-3411.456302452869
-3491.3303553061087
-3457.827428283086
-3663.1620912370417
-3591.2418532521733
-3787.177574822461
-3816.6791417386776
-3818.844683546289
-3865.6335204525167
-4124.804693191421
-3626.316273306151
-3803.79432437988
-3431.2196181030777
-4099.321985500945
-3733.8058689700265
-3910.246068888191
-3534.769177778504
-3898.491589238525
-3486.788426206367
-3500.2737081210653
-3523.7648836738917
-3984.0308777507234
-3461.000511300652
-4010.6840836257034
-3811.834611036262
-3635.3191377114417
-3639.3487264211944
-3774.2905034735522
-3799.883897582469
-4088.6584149887276
-3662.201642398599
-3431.704311704736
-3724.111673833155
-3597.3136819598367
-3526.5817792062953
-4120.302135549209
-3960.2299908126297
-3512.717473010078
-4082.0430730181033
-3983.0580967714413
-3704.2617584659383
-3553.0200090710823
-4357.2399026568455
-3543.9457762702477
-4068.76364639261
-3974.564770919562
-3618.7197058530255
-3448.0876810313057
-3324.3128557628806
-3354.754777676015
-3743.1768168828567
-3600.8809781423515
-3195.51237845777
-3940.1505975269392
-3339.08633483783
-3640.287400803274
-3283.325332092154
-3184.9407490747217
-3837.6625100257443
-3446.875050815419
-3865.085403817735
-3453.2355667718803
-3481.26060347394
-3455.1385955605547
-3665.788217904301
-3409.8661921729727
-3520.4862402716863
-3748.5838171534124
-3801.127682603168
-3462.382406960045
-3498.7805976498603
-4086.3384307563174
-3624.3710569912037
-3199.377929027298
-3639.8990460137356
-3908.5419963473614
-3599.0607107544274
-3306.355610391405
-4237.007008800516
-3141.737317777697
-3692.055481465497
-3619.6047814236554
-3217.0198539761914
-3665.2522877128868
-3385.596586253894
-3988.869406283273
-3423.553075593998
-3458.553064427666
-3349.2784616483077
-3578.125396769261
-3429.3706205570597
-3937.6026517944265
-3957.247778080862
-3795.2062333982467
-3938.6676712790068
-3629.918997089884
-3319.3166656454887
-4321.785235818032
-3307.8096211490956
-3189.011122945016
-3670.1294610370387
-3738.1316020467493
-3824.142079679412
-4172.709324252472
-3405.740584308227
