-411.6058111542111
-453.49049758815454
-402.5699112531652
-406.06311295813066
-459.4838343719812
-417.8861285415196
-420.13449398067223
-419.93552787074714
-413.82290054381974
-400.19724496228355
-402.49839140883887
-451.6183938582676
-420.50156111990736
-408.6764167925203
-475.09572274354196
-410.0500261397797
-401.65055255139987
-406.8237652553262
-409.2249608959696
-404.1281231401558
-405.91956209359705
-458.19632088836715
-406.12369702498654
-464.37655519545115
-401.5913214678144
-428.8160668311166
-417.90282578308825
-406.06866564797656
-545.8658680494091
-405.7259389923888
-408.9201950690949
-399.7321946381112
-400.08367845972316
-409.85683602542895
-425.971353273374
-414.790225867926
-435.73337357427135
-407.2202393829202
-406.87638940770375
-473.40855345381806
-410.9619700853932
-427.1341487128416
-408.10404418066855
-401.9611361278339
-434.06184658452
-420.9594721244789
-406.9362241165418
-418.87380661641373
-400.1285665864293
-410.4864477229735
-411.20086649384393
-400.2314355317203
-402.7649337289263
-399.997429649266
-445.0179451598856
-417.61377112453783
-412.1764103160717
-410.9710518321581
-417.98982940539827
-412.1865736840682
-411.4027914386347
-407.02447166754155
-403.8821177436316
-400.78953206316646
-406.5503939238224
-409.44597975392026
-407.05618639963086
-412.2870189062378
-420.5860907104088
-436.9388184969048
-411.85560402268084
-399.92819790772955
-453.2227067258309
-431.65861007596004
-425.3316943250502
-409.7147401913253
-449.03699166603565
-403.3849420748111
-441.7116379204849
-431.09782475049633
-412.5717988355018
-409.51762827690345
-435.61603774726336
-412.0164045615429
-551.3010076975006
-410.82512245025237
-412.4214593977513
-419.0109577214448
-440.94570833779017
-401.31934915656893
-434.59822381228105
-413.88923555713427
-400.1751499144525
-410.2114916689434
-400.9533483955606
-429.41209014883407
-435.5887910607171
-425.30603293595914
-434.5550988071427
-408.0277002876669
-410.02790620013
-424.8161504973673
-405.23166360316736
-507.4005230404164
-400.49801200014736
-414.77331352380315
-415.2672756185666
-400.586713343891
-405.8853441910278
-401.0475103486915
-486.25684399532656
-419.35605559825035
-406.93433236536293
-445.94774260078293
-408.02656592043786
-425.6232949281043
-409.4342273233974
-411.362247383428
-408.8336523168846
-411.00288236687265
-416.99208633375747
-404.0452159553415
-439.02276806158943
-402.49593777027985
-406.98536818112916
-405.98404994549537
-404.5832418532027
-407.1962546602854
-401.03397882132685
-509.64594595330254
-409.32505420383677
-401.9213155268494
-405.5325230649569
-401.3982592055536
-408.23812756004054
-399.77812407267265
-403.31246623521747
-406.7099819433015
-405.6487964477483
-412.2313438241813
-400.0567656612993
-416.7508626126214
-413.305509492493
-425.66712119198337
-400.22199105434856
-402.34237051306945
-539.0287424417957
-402.4967458926999
-412.6179345472442
-408.0670287486655
-428.67787238947903
-412.1398849037341
-400.0389382202693
-420.0676150613631
-402.5863629482483
-419.9383383637064
-407.90994255861506
-407.5792429453736
-410.69613139913827
-504.03334076389183
-420.1801169543487
-405.49470873046494
-408.59655256195765
-407.45820239573277
-454.4702418118022
-413.41095788562234
-406.1971953781085
-414.6223978529533
-412.0990340169278
-418.1191039124724
-414.41785901892126
-400.52853053455374
-406.44809217315196
-401.53646530711194
-406.699481895535
-421.67711086090503
-446.2318350520559
-418.27053860587785
-496.9315131761159
-411.87135429530736
-410.4882944367655
-413.9483198698199
-399.97075315732945
-462.36859549741075
-490.1576343769275
-404.47509687416596
-550.4323979767287
-407.7644806674339
-407.29648659777786
-463.13676011375173
-436.75909351626206
-426.68039771111535
-449.74031118149696
-428.0706212053533
-401.9786674198276
-415.4582705001053
-426.73972582792567
-406.84629527616335
-411.97799370693156
-406.46634762348367
-415.1418097026585
-403.0626750911488
-406.0234318585053
-404.4586004888729
-407.8100073034916
-412.6683141984354
-419.24024768222216
-414.95501302340335
-425.83872293687864
-408.9524060379422
-404.1993925969491
-412.1444179222012
-410.10492237782637
-436.81148296216907
-406.1515392294941
-410.8569361364421
-414.75627080386903
-400.14684470047587
-401.7823905283158
-428.21604753386055
-434.9187228092983
-406.0263983418463
-412.2080910661625
-407.4805494352295
-423.11916533993826
-408.029186281346
-408.0946249084236
-457.05806018599014
-411.6606861282412
-402.00482425594737
-411.6061991260781
-408.6451023037157
-407.5807332124414
-405.7645702209302
-409.3475229088617
-411.3033936231491
-443.17181415870436
-421.6547493374128
-407.00241172993356
-420.8315066189416
-406.14898920936776
-408.0378922553573
-451.66509556978053
-402.86468324999214
-412.3668558908121
-401.9183433366452
-420.08742058255075
-408.36987738070275
-406.84023561769664
-444.0757868531946
-418.76869855464383
-411.83634808062607
-403.3057538722355
-413.7683883933869
-438.40530164720803
-410.9961616899559
-405.0816210146377
-404.12064261356454
-406.0246636022366
-428.848879262584
-415.82957975759973
-400.55838527874266
-451.87056197334414
-446.3142833131915
-407.8156052540194
-401.16935356453223
-413.78045118402724
-417.2427186956629
-409.5600396347186
-406.29066795088465
-419.22942927368604
-411.5854536604288
-410.6799258334654
-405.604648044251
-407.65391738390645
-407.4311932358328
-403.5798765021036
-430.81680215108054
-406.2240760592663
-441.16710227569774
-437.3306659167556
-406.7512525362222
-405.4384479097407
-415.15797252942093
-408.7038393128919
-437.3173605456568
-416.1478672528938
-414.89288002766216
-406.5159898693587
-402.5961595064591
-410.7886969067763
-408.6344450462793
-407.17302493701163
-422.5126874079215
-412.27366122598687
-399.8670735414066
-404.49117672535886
-459.94834309205
-404.55825847077494
-424.8113742569831
-416.2641935668389
-415.4848390673569
-412.12781795092997
-410.6542624775884
-411.122317362418
-418.874292687472
-442.3394260505265
-401.56006938488144
-403.02676589465227
-422.11338622418816
-415.12730254329426
-414.2227900276134
-427.204111589645
-520.0892458720527
-412.99475048813656
-506.9131182833953
-404.0088846604749
-403.6331946941091
-411.0858336689312
-405.8999148113071
-425.2640408700522
-400.816989724226
-408.0271808533648
-399.780596196611
-435.946213868664
-407.01485604024356
-418.38422735361155
-596.4586858690418
-406.51407735066914
-427.40039385943555
-453.95003981986247
-409.9561145743437
-424.2843273084254
-400.20198910829913
-476.0919460041723
-405.2728813263939
-406.03213914117805
-406.1883834496798
-408.2399836890859
-402.1591020326987
-424.590790678099
-415.72555573122827
-419.5941365979079
-420.19778747464807
-424.515938715183
-409.9488842106275
-403.6952065212172
-441.86106083248933
-407.4975830904614
-402.52910409278275
-402.1991766840515
-410.85892965469566
-459.9068944137489
-420.1644681683206
-432.9332823974478
-404.64764850457095
-401.2258964796456
-411.51578858570247
-420.2120651333962
-423.23203560371894
-410.5844562662087
-406.0110032767602
-407.06865368046056
-404.0148449851995
-428.7340969182965
-403.32313335020854
-408.4696451268378
-407.52563418945965
-407.2046809243602
-419.0190984526057
-407.7305136231985
-406.4455313747717
-429.29084366991356
-405.6086766513681
-409.2478564381313
-423.2456006587822
-400.3489855954176
-489.21991373212404
-401.5359017949286
-506.7334936003381
-407.3420995052725
-401.04232819284334
-424.04618103821895
-425.2074769866017
-420.52094586953217
-406.2810599884988
-449.739424250135
-427.0200199579558
-413.84301691157907
-458.8463857035995
-403.42772151691315
-432.17965224454565
-401.6693020516327
-416.1014110834408
-406.16640167079004
-406.73615363236104
-479.8356267150548
-409.70768720045635
-408.58960031376137
-410.0920022978489
-413.8459193190547
-463.2974896055157
-414.7128134309469
-406.7503726297996
-436.14743417533873
-416.88864694391486
-414.788390690861
-408.3348704823593
-414.41951678708983
-448.8317387279603
-399.9921996350672
-431.4828236473527
-433.2635958590681
-405.5746721469027
-399.9785402485936
-412.15844230391303
-509.30548944303064
-423.5228952549978
-426.7667213377058
-399.72834543481986
-409.2489573342714
-402.4818864320523
-410.6536323798491
-414.91395096454426
-448.229814271911
-408.24986677573406
-426.69869136727266
-402.03908885003284
-406.4727339417691
-420.287990656107
-419.7214228708981
-417.1172775906548
-408.5489634866003
-408.64939421004055
-421.37321093812034
-415.18631902903917
-423.88271192578577
-408.8843340419194
-403.44890392562365
-401.7652482965559
-509.2969817728126
-408.5455372109759
-409.64422043041395
-401.95966116193495
-407.47578038819347
-402.70163281789837
-434.4560084757868
-404.62275204500565
-434.26428486874966
-431.6490538838316
-410.2445618860088
-401.6342667137924
-402.7018350616454
-424.0827636848944
-457.5974665487993
-409.5892190824811
-402.20372700751795
-403.8579234366953
-423.60318372420625
-506.54656142233125
-411.99088271937444
-400.3656096059376
-411.9281040360138
-401.0899586922478
-423.46993737853245
-408.5239058367092
-409.0252481859552
-400.88843477854243
-408.4753620179654
-406.19858211888686
-444.04740843239324
-403.2068567089673
-512.782250084776
-417.14438491747705
-405.95526681466345
-406.74797852867005
-402.4202914391317
-400.5278594529177
-409.340854755922
-417.1440871550767
-400.46858681568165
-420.15144035379444
-406.95111047297223
-406.8661409127376
-412.78412131857976
-519.4343847454993
-404.2284633172494
-406.9282084055376
-439.01922517321464
-472.0301710901167
-520.5736327363384
-487.2151020369365
-429.61989362564054
-408.1583509928496
-422.4983146965951
-450.77194328274845
-411.07844284797375
-405.47821296926395
-401.3420722172091
-401.151618458156
-402.87996406333286
-401.19184013073846
-400.961216874754
-409.81215856982453
-402.7067474173982
-443.14968643410657
-415.5702888301471
-407.4147865710329
-404.59404846260395
-422.71587460390765
-401.28962675030243
-402.6502317002987
-406.25198681377833
-413.54476270580153
-406.03829187362953
-405.4976959632004
-400.0123080329954
-477.843299805093
-409.5724190740616
-401.6125573766476
-408.5032050869927
-403.99341276499536
-408.61250062755107
-412.8936606906759
-407.34391479068427
-401.3862797462298
-411.1822261655534
-419.9816312103694
-430.6108047295397
-401.7436387271173
-407.6003544574942
-421.77253777385704
-402.86917408013005
-406.42201293751214
-411.94273625434107
-423.0198688967621
-417.8988584571912
-407.573666163139
-406.40442557835604
-406.0066713423503
-411.79266192267914
-410.80658890139557
-419.18264588624425
-412.6055172452302
-399.8050481123382
-406.9604838641935
-504.56796684727215
-406.87831027426955
-419.6942669792138
-503.2089418054429
-406.74826923990713
-404.73026256178173
-408.31379520232895
-422.2733346205855
-455.74192371064873
-416.50023880764957
-400.32878659549533
-400.75832968648183
-409.1572971243568
-527.6926282594295
-435.95876951841
-470.3868172770408
-409.5614336876288
-405.602356907526
-413.05696640757606
-404.1005502953135
-408.8231152900762
-412.82208746893
-407.48123056917984
-410.07291477613853
-406.49671111112957
-408.6340988884067
-447.3427485115981
-400.04681371545894
-416.8468318354235
-400.1758719807008
-410.6051442211842
-424.73299913697156
-413.31205058440537
-401.488605935584
-410.4572989289054
-416.092725420091
-406.4060180520373
-400.9353285202301
-408.09069747818694
-403.67952343637853
-401.0189733627776
-411.43978692849305
-455.26002305159636
-410.67288764096884
-406.03586430677024
-406.87814370186925
-404.1577583486069
-407.4085966872908
-452.59935887191205
-410.58208102080926
-407.4607150545053
-408.6406283422457
-526.49394152073
-409.0500328985322
-418.14093534018093
-413.59427367898024
-437.11338498637633
-405.85971922332874
-476.56865390458097
-401.73245828709287
-403.6321670116663
-414.0994714822923
-463.2674627757551
-408.4888115521062
-407.664482613794
-418.12993026691174
-401.0514507167609
-402.9242646189923
-409.47341347925976
-400.3313049974249
-420.7515867119773
-403.2376814479594
-430.38130565230813
-400.1958000837567
-408.97669807946977
-405.8894688293499
-406.54260297775954
-413.8052423961044
-405.0871820941943
-407.42877335083494
-429.18569378521806
-424.20595451689815
-407.271111362536
-411.87608340732504
-409.4621091832237
-410.525235941991
-436.4151632196995
-400.71369384598574
-409.838867095385
-406.0361986825724
-419.49471734235294
-442.7258799858332
-411.2606977424266
-442.4935158721619
-401.9842714432898
-407.40081396632013
-408.60020388926614
-409.7417746330311
-411.35678328367885
-411.0196072241147
-412.96718888239593
-400.1064204088075
-408.55248627123046
-402.5777810630234
-405.8379088244901
-399.78612710894413
-417.7816111321172
-426.0700317954838
-493.5648283385899
-411.17227397751776
-405.8196551649062
-402.2683266543022
-410.6590596379483
-408.8176279265249
-406.369157260694
-400.8638021677948
-400.778706662275
-412.73274075984364
-418.4327814322123
-434.89732822283077
-427.21149271683
-405.4237815204974
-399.93565668860356
-404.0307827416923
-423.3014222381007
-500.6010936397979
-454.27300165932184
-432.5790033901899
-414.78483390371457
-448.7586733522762
-410.2599414062338
-400.7542459711635
-406.54567853806975
-402.30778122834136
-406.6281831720912
-406.716138106221
-405.3779907187254
-406.33245925951996
-406.6107501783913
-399.7423973219852
-406.2063832547783
-406.9436094709399
-428.8056891920155
-418.28468633705734
-448.7340331447367
-403.645099615218
-415.62994844724153
-426.42878163801106
-415.73829116023853
-417.7261601117684
-537.145714936667
-422.7451307668225
-444.17294995562315
-445.01847865873196
-401.5176742213084
-415.9138746534063
-416.6981315634948
-407.36422533258155
-409.7865979649582
-407.63405231172965
-404.4356139003844
-406.3246756062176
-429.889485527377
-411.4274613835605
-400.06428191537816
-417.61105527381824
-402.00734234409674
-406.06412563765343
-403.1392730047255
-404.92780221987186
-407.31186547930884
-402.9591017447019
-441.0514821216416
-486.9962025874256
-402.2332328201055
-408.2407618756274
-400.30358390307583
-405.55948328717113
-408.80944067807286
-414.5616536663488
-407.1582872648146
-411.60797711787654
-412.38016736862346
-421.22880045824877
-410.73064312142606
-403.0673493784302
-404.4672632799543
-405.89038977464907
-404.37755861853566
-407.12079304286635
-422.27175250579285
-419.84299653289827
-424.61402164536685
-402.7227022518264
-408.64568718829787
-416.8448151565167
-408.5850761470929
-400.88687555512615
-410.1740854815898
-439.30940472174234
-406.9221154802931
-434.8785091431787
-402.12390281198213
-425.3998406307928
-404.29873121607625
-421.4116606526418
-406.69975222694393
-400.9926877346629
-413.72102847816586
-402.8821022013526
-404.1590562940114
-407.4411280796435
-408.0480090498463
-404.8194587876628
-404.6248150856336
-409.71634961389054
-411.06941574759594
-406.85175093507587
-412.02416941082265
-418.4955185659355
-405.99135575522996
-414.36481389524033
-408.1139377858826
-417.26735922779017
-402.45682100906606
-400.3830954799987
-399.92513345263615
-407.74632098791426
-399.7773862574513
-417.1874819719533
-403.71603146177404
-410.0300968552283
-404.9962011262073
-404.2101181940661
-407.64710419730363
-420.8256746761426
-402.5698878538201
-444.0137131181673
-406.0132658231555
-407.45300508084983
-401.82318960188513
-407.5691825399681
-438.42719245969556
-424.03430454842055
-410.0246623207395
-401.8219515444316
-418.15002211802357
-408.53087748608596
-401.6216754606721
-407.60657141171623
-403.92922678703326
-406.5530318747328
-401.00700451940065
-406.5290605429841
-423.3390748671932
-404.46879843133456
-401.2221117726199
-419.94007922877745
-425.19884080613974
-445.7632720108577
-402.9512892216326
-405.9889262586562
-418.61066213613003
-409.7344593308476
-450.3730628573585
-416.02340692601865
-499.81535958404857
-406.22730062762366
-407.5672020179418
-409.26763740294746
-406.1882882244827
-407.79327420541085
-409.28675001025704
-400.93683312608846
-424.01674762548146
-401.69028364461656
-411.1876100088007
-400.28333538072866
-417.1820302396841
-417.4434205467787
-408.8137593478432
-419.8786668443154
-402.17467549556795
-413.8903371279448
-399.800596269195
-399.9053492442713
-405.1549052877108
-412.4639390010916
-413.6461168686592
-408.7044640945928
-431.57146794247365
-405.3506773129684
-402.94343266574333
-441.11739261277626
-450.74360931202773
-419.13426719290464
-477.3407948057038
-421.2749855103116
-401.1126898649404
-412.6650488099349
-418.2134329770238
-413.5163735184701
-419.0209116359101
-405.03264001909565
-424.5319366697677
-404.7924462577571
-416.7502963318657
-509.14029791045505
-434.2334034771825
-444.76524542071684
-414.8012782863484
-399.8330058888482
-404.9138334412264
-428.05190370126456
-404.00492036964397
-414.2042736250155
-436.7221256639391
-411.279921988129
-426.63144147337243
-460.44043630075794
-399.8582241473496
-415.0209561736274
-440.19037676596963
-406.4881729663912
-401.08211397935474
-455.2398568570252
-425.70249404074366
-406.2235426416996
-528.6873254481998
-410.11411652660763
-407.5316082293575
-401.7384857165998
-401.5596363904583
-405.8696269557272
-424.81249712717454
-404.52587451809677
-406.09718580226263
-416.8508751155091
-399.8425110606531
-399.92627664875545
-591.4555102837021
-409.7184982693325
-403.74012714716946
-421.7909827724716
-409.29554598228196
-444.99562117260166
-410.41354390430797
-407.7604846236268
-400.88185993546267
-513.4320456243113
-477.35368488467975
-408.71822816631857
-607.9477127360242
-404.9399645307244
-427.1203561307261
-550.5585499788831
-414.32219447710986
-410.4225324648064
-411.1300796109931
-407.7429089756265
-418.19982245002666
-406.15423056227655
-417.8898395181586
-406.9957884740429
-406.86822896431795
-424.770548503343
-406.0792574743168
-419.48593510049295
-507.95955305332336
-406.6172992505258
-399.751249147771
-399.71352776091453
-404.44170678623004
-415.41646883767044
-408.2657925603121
-401.5392019233941
-402.6343984227815
-401.5379256504807
-402.8424837529551
-400.38595189016314
-452.0743804944086
-412.47255797675325
-448.5464585350769
-423.51704512402193
-407.22387194446674
-404.7006083416486
-407.86344238957463
-404.22456670510564
-481.20377067344725
-408.42477290919624
-407.03906735738155
-408.3814389366362
-410.5979083716966
-407.37690515127133
-401.54084764681465
-467.85660455769903
-408.8643450988743
-433.9365378221132
-406.0779900583093
-418.49069637721414
-405.2161010052473
-399.7460690133166
-405.2856745808599
-418.76434075179077
-430.7169785756282
-410.68033307581754
-598.4492925102595
-399.70785208225607
-411.2677012963509
-401.1537522514809
-423.77004027996463
-415.20235338154134
-407.5943013520946
-401.2283548763271
-408.65988311219553
-480.2611704150331
-727.4203917397926
-410.2647404885229
-400.05272334934534
-456.9416962248142
-403.2404052901102
-407.22683618309156
-467.4395739182173
-409.01834098540076
-406.3167589866357
-416.8512859670577
-412.4076097639295
-399.79093432985246
-407.46674371906147
-400.96915016633193
-406.5888228679851
-404.34162188139135
-411.18162786035964
-429.0123396894455
-402.70683872786685
-423.24347726050746
-413.50746959761045
-438.10144513919295
-413.4179385787711
-405.471259051767
-477.4554233732724
-405.90797064502704
-438.46716720953737
-421.88537299875406
-408.3053163694153
-406.00526660964306
-405.9848826309558
-407.46954113559195
-501.65803420394695
-406.8660982473057
-435.8145168859055
-420.7408167973954
-406.9168218324012
-446.24470340580865
